# YOLOv5 Hyperparameter Evolution Results
# Best generation: 90
# Last generation: 99
#    metrics/precision,       metrics/recall,      metrics/mAP_0.5, metrics/mAP_0.5:0.95,         val/box_loss,         val/obj_loss,         val/cls_loss
#              0.92048,              0.34615,              0.41081,              0.26261,             0.056798,             0.045017,              0.03699

lr0: 0.01026
lrf: 0.01111
momentum: 0.8398
weight_decay: 0.00035
warmup_epochs: 3.4178
warmup_momentum: 0.83215
warmup_bias_lr: 0.14416
box: 0.05921
cls: 0.61969
cls_pw: 0.75353
obj: 0.95155
obj_pw: 1.2482
iou_t: 0.2
anchor_t: 2.0
fl_gamma: 0.0
hsv_h: 0.01155
hsv_s: 0.58857
hsv_v: 0.46487
degrees: 0.0
translate: 0.14795
scale: 0.47975
shear: 0.0
perspective: 0.0
flipud: 0.0
fliplr: 0.5
mosaic: 1.0
mixup: 0.0
copy_paste: 0.0
anchors: 3.3472
