# YOLOv5 Hyperparameter Evolution Results
# Best generation: 26
# Last generation: 32
#    metrics/precision,       metrics/recall,      metrics/mAP_0.5, metrics/mAP_0.5:0.95,         val/box_loss,         val/obj_loss,         val/cls_loss
#              0.92557,              0.97652,              0.98065,              0.76024,              0.03134,             0.042191,              0.01189

lr0: 0.01022
lrf: 0.01038
momentum: 0.92507
weight_decay: 0.00041
warmup_epochs: 3.045
warmup_momentum: 0.60625
warmup_bias_lr: 0.09931
box: 0.05784
cls: 0.35399
cls_pw: 1.1955
obj: 1.0137
obj_pw: 1.0133
iou_t: 0.2
anchor_t: 4.68
fl_gamma: 0.0
hsv_h: 0.01434
hsv_s: 0.70715
hsv_v: 0.44544
degrees: 0.0
translate: 0.09556
scale: 0.37628
shear: 0.0
perspective: 0.0
flipud: 0.0
fliplr: 0.5
mosaic: 0.97099
mixup: 0.0
copy_paste: 0.0
anchors: 3.22
